[SETTINGS]
WIDTH=1.04654455184937
LENGTH=2.54617786407471

