[DASH_CAM]
POS=-0.255604,0.97395,-0.391825
EXP=15
