[HEADER]
EDIT_MODE=0
INTENSITY=50

[FLAME_0]
POSITION=0.8353795,0.1151461,-0.4638748
DIRECTION=0.9486833,0,-0.3162278
VSIZE_START=0.1
VSIZE_END=0.075
LSIZE=0.3

